    2    0   -0.48416544D-03    0.00000D+00
    2    1    0.00104D-06   -0.00243D-06
    2    2    2.43404D-06   -1.39907D-06
    3    0    0.95838D-06    0.00000D+00
    3    1    2.02855D-06    0.25197D-06
    3    2    0.89272D-06   -0.62346D-06
    3    3    0.70028D-06    0.14125D-05
    4    0    0.54112D-06    0.00000D+00
    4    1   -0.53521D-06   -0.46926D-06
    4    2    0.35208D-06    0.66404D-06
    4    3    0.98850D-06   -0.20179D-06
    4    4   -0.19531D-06    0.29883D-06
    5    0    0.06862D-06    0.00000D+00
    5    1   -0.05117D-06   -0.09379D-06
    5    2    0.65146D-06   -0.32769D-06
    5    3   -0.46712D-06   -0.20298D-06
    5    4   -0.28754D-06    0.04990D-06
    5    5    0.15617D-06   -0.65983D-06